0002A;hu_b1_Oct_Hung_0135_0005

0005A;hu_b1_Oct_Hung_0135_0008

0006B;hu_b1_Oct_Hung_0135_0010

0008B;hu_b1_Oct_Hung_0135_0012

0010B;hu_b1_Oct_Hung_0135_0014

0013B;hu_b1_Oct_Hung_0135_0017

0014B;hu_b1_Oct_Hung_0135_0018

0019B;hu_b1_Oct_Hung_0135_0023

0022A;hu_b1_Oct_Hung_0135_0025

0025A;hu_b1_Oct_Hung_0135_0028

0025B;hu_b1_Oct_Hung_0135_0029

0026B;hu_b1_Oct_Hung_0135_0030

0027B;hu_b1_Oct_Hung_0135_0031

0028B;hu_b1_Oct_Hung_0135_0032

0031A;hu_b1_Oct_Hung_0135_0034

0031B;hu_b1_Oct_Hung_0135_0035

0032B;hu_b1_Oct_Hung_0135_0036

0034A;hu_b1_Oct_Hung_0135_0037

0036B;hu_b1_Oct_Hung_0135_0040

0037B;hu_b1_Oct_Hung_0135_0041

0042B;hu_b1_Oct_Hung_0135_0046

0048A;hu_b1_Oct_Hung_0135_0051


